[Mapper]
init_min_num_inliers=100                   # original: 100
init_max_error=4
init_max_forward_motion=0.999999999999999 # original: 0.94999999999999996
init_min_tri_angle=4                      # original: 16
